2
10
19 19 19 19 19 19 19 19 19 19 19 19 19 19 19 19 19 19 19 19 19 19 
19 13 08 08 08 08 08 08 08 08 08 08 08 08 08 08 08 08 08 08 08 08 
19 08 08 08 08 08 08 08 08 08 08 08 08 08 08 08 08 08 08 08 08 08 
19 08 08 08 08 08 08 08 08 08 08 08 08 08 08 08 08 08 08 08 08 08 
19 16 16 16 08 08 08 08 08 08 08 08 08 08 08 08 08 08 08 08 08 08 
19 10 08 08 08 08 08 08 08 08 08 08 08 08 08 08 08 08 08 08 08 08 
19 10 08 08 08 08 08 08 08 08 08 08 08 08 08 08 08 08 08 08 08 08 
19 13 08 08 08 08 08 08 08 08 08 08 08 08 08 08 08 08 08 08 08 08 
19 13 13 08 08 08 08 08 08 08 08 08 08 08 08 08 08 08 08 08 08 08 
19 13 08 08 08 08 08 08 08 08 08 08 08 08 08 08 08 08 08 08 08 08 
19 19 19 19 19 19 19 19 19 19 19 19 19 19 19 19 19 19 19 19 19 19 
5 1
5 12 5 11 4 11 5 13 
1
3
19 19 19 19 19 19 19 19 19 19 19 19 19 19 19 19 19 19 19 19 19 19 
19 08 08 08 08 08 08 08 08 08 08 08 08 08 08 08 08 08 08 08 08 08 
19 08 08 08 08 08 08 08 08 08 08 08 08 08 08 08 08 08 08 08 08 08 
19 16 16 08 08 08 08 08 08 08 08 08 08 08 08 08 08 08 08 08 08 08 
19 16 16 11 11 08 08 08 08 08 08 08 08 08 08 08 08 08 08 08 08 08 
19 08 08 08 11 08 08 08 08 08 08 08 08 08 08 08 08 08 08 08 08 08 
19 12 08 08 11 08 08 08 08 08 08 08 08 08 08 08 08 08 08 08 08 08 
19 08 08 08 08 08 08 08 08 08 08 08 08 08 08 08 08 08 08 08 08 08 
19 13 08 08 08 08 08 08 08 08 08 08 08 08 08 08 08 08 08 08 08 08 
19 08 08 08 08 08 08 08 08 08 08 08 08 08 08 08 08 08 08 08 08 08 
19 19 19 19 19 19 19 19 19 19 19 19 19 19 19 19 19 19 19 19 19 19 
2 5
5 14 5 13 4 14 6 13 
0