3
0
19 19 19 19 19 19 19 19 19 19 19 19 19 19 19 19 19 19 19 19 19 19 
19 08 08 08 08 08 08 08 08 08 08 08 08 08 08 08 08 08 08 08 08 08 
19 08 08 08 08 08 08 08 08 08 08 08 08 08 08 08 08 08 08 08 08 08 
19 08 08 08 08 08 08 08 08 08 08 08 08 08 08 08 08 08 08 08 08 08 
19 15 08 08 08 08 08 08 08 08 08 08 08 08 08 08 08 08 08 08 08 08 
19 15 15 15 08 08 08 08 08 08 08 08 08 08 08 08 08 08 08 08 08 08 
19 08 08 08 08 08 08 08 08 08 08 08 08 08 08 08 08 08 08 08 08 08 
19 08 08 08 08 08 08 08 08 08 08 08 08 08 08 08 08 08 08 08 08 08 
19 10 10 08 08 08 08 08 08 08 08 08 08 08 08 08 08 08 08 08 08 08 
19 10 10 08 08 08 08 08 08 08 08 08 08 08 08 08 08 08 08 08 08 08 
19 19 19 19 19 19 19 19 19 19 19 19 19 19 19 19 19 19 19 19 19 19 
4 1
5 15 5 14 4 14 6 15 
5
11
19 19 19 19 19 19 19 19 19 19 19 19 19 19 19 19 19 19 19 19 19 19 
19 14 12 08 08 08 08 08 08 08 08 08 08 08 08 08 08 08 08 08 08 08 
19 14 12 12 08 08 08 08 08 08 08 08 08 08 08 08 08 08 08 08 08 08 
19 08 13 13 13 08 08 08 08 08 08 08 08 08 08 08 08 08 08 08 08 08 
19 13 13 13 08 08 08 08 08 08 08 08 08 08 08 08 08 08 08 08 08 08 
19 08 08 08 08 08 08 08 08 08 08 08 08 08 08 08 08 08 08 08 08 08 
19 12 08 08 08 08 08 08 08 08 08 08 08 08 08 08 08 08 08 08 08 08 
19 12 08 08 08 08 08 08 08 08 08 08 08 08 08 08 08 08 08 08 08 08 
19 12 08 08 08 08 08 08 08 08 08 08 08 08 08 08 08 08 08 08 08 08 
19 11 08 08 08 08 08 08 08 08 08 08 08 08 08 08 08 08 08 08 08 08 
19 19 19 19 19 19 19 19 19 19 19 19 19 19 19 19 19 19 19 19 19 19 
1 1
5 17 5 16 5 18 6 16 
0