3
0
19 19 19 19 19 19 19 19 19 19 19 19 19 19 19 19 19 19 19 19 19 19 
19 08 12 08 08 08 08 08 08 08 08 08 08 08 08 08 08 08 08 08 08 08 
19 12 12 08 08 08 08 08 08 08 08 08 08 08 08 08 08 08 08 08 08 08 
19 12 14 14 08 08 08 08 08 08 08 08 08 08 08 08 08 08 08 08 08 08 
19 14 14 08 08 08 08 08 08 08 08 08 08 08 08 08 08 08 08 08 08 08 
19 10 10 08 08 08 08 08 08 08 08 08 08 08 08 08 08 08 08 08 08 08 
19 10 10 08 08 08 08 08 08 08 08 08 08 08 08 08 08 08 08 08 08 08 
19 08 08 08 08 08 08 08 08 08 08 08 08 08 08 08 08 08 08 08 08 08 
19 10 10 08 08 08 08 08 08 08 08 08 08 08 08 08 08 08 08 08 08 08 
19 10 10 08 08 08 08 08 08 08 08 08 08 08 08 08 08 08 08 08 08 08 
19 19 19 19 19 19 19 19 19 19 19 19 19 19 19 19 19 19 19 19 19 19 
3 6
5 15 5 16 4 15 6 15 
1
0
19 19 19 19 19 19 19 19 19 19 19 19 19 19 19 19 19 19 19 19 19 19 
19 11 08 08 08 08 08 08 08 08 08 08 08 08 08 08 08 08 08 08 08 08 
19 11 08 08 08 08 08 08 08 08 08 08 08 08 08 08 08 08 08 08 08 08 
19 11 11 08 08 08 08 08 08 08 08 08 08 08 08 08 08 08 08 08 08 08 
19 08 08 08 08 08 08 08 08 08 08 08 08 08 08 08 08 08 08 08 08 08 
19 08 08 08 08 08 08 08 08 08 08 08 08 08 08 08 08 08 08 08 08 08 
19 08 08 08 08 08 08 08 08 08 08 08 08 08 08 08 08 08 08 08 08 08 
19 08 08 08 08 08 08 08 08 08 08 08 08 08 08 08 08 08 08 08 08 08 
19 08 08 08 08 08 08 08 08 08 08 08 08 08 08 08 08 08 08 08 08 08 
19 08 08 08 08 08 08 08 08 08 08 08 08 08 08 08 08 08 08 08 08 08 
19 19 19 19 19 19 19 19 19 19 19 19 19 19 19 19 19 19 19 19 19 19 
2 3
5 15 5 14 4 15 6 14 
0