3
8
19 19 19 19 19 19 19 19 19 19 19 19 19 19 19 19 19 19 19 19 19 19 
19 15 14 14 08 08 08 08 08 08 08 08 08 08 08 08 08 08 08 08 08 08 
19 14 14 08 08 08 08 08 08 08 08 08 08 08 08 08 08 08 08 08 08 08 
19 08 08 08 08 08 08 08 08 08 08 08 08 08 08 08 08 08 08 08 08 08 
19 15 08 08 08 08 08 08 08 08 08 08 08 08 08 08 08 08 08 08 08 08 
19 15 08 08 08 08 08 08 08 08 08 08 08 08 08 08 08 08 08 08 08 08 
19 15 08 08 08 08 08 08 08 08 08 08 08 08 08 08 08 08 08 08 08 08 
19 08 08 08 08 08 08 08 08 08 08 08 08 08 08 08 08 08 08 08 08 08 
19 16 16 16 16 08 08 08 08 08 08 08 08 08 08 08 08 08 08 08 08 08 
19 16 16 08 08 08 08 08 08 08 08 08 08 08 08 08 08 08 08 08 08 08 
19 19 19 19 19 19 19 19 19 19 19 19 19 19 19 19 19 19 19 19 19 19 
1 6
5 13 5 12 5 14 6 12 
2
10
19 19 19 19 19 19 19 19 19 19 19 19 19 19 19 19 19 19 19 19 19 19 
19 13 08 08 08 08 08 08 08 08 08 08 08 08 08 08 08 08 08 08 08 08 
19 08 08 08 08 08 08 08 08 08 08 08 08 08 08 08 08 08 08 08 08 08 
19 08 08 08 08 08 08 08 08 08 08 08 08 08 08 08 08 08 08 08 08 08 
19 16 16 16 08 08 08 08 08 08 08 08 08 08 08 08 08 08 08 08 08 08 
19 10 08 08 08 08 08 08 08 08 08 08 08 08 08 08 08 08 08 08 08 08 
19 10 08 08 08 08 08 08 08 08 08 08 08 08 08 08 08 08 08 08 08 08 
19 13 08 08 08 08 08 08 08 08 08 08 08 08 08 08 08 08 08 08 08 08 
19 13 13 08 08 08 08 08 08 08 08 08 08 08 08 08 08 08 08 08 08 08 
19 13 08 08 08 08 08 08 08 08 08 08 08 08 08 08 08 08 08 08 08 08 
19 19 19 19 19 19 19 19 19 19 19 19 19 19 19 19 19 19 19 19 19 19 
5 1
5 12 5 11 4 11 5 13 
0